446
135
946
547
433
962
903
300
298
883
189
117
974
848
364
816
993
79
489
900
495
79
899
718
518
58
844
510
928
311
267
625
607
872
614
760
689
317
676
220
244
378
440
764
290
788
362
758
141
252
520
958
22
269
210
725
894
888
739
688
856
529
379
988
774
101
490
43
799
898
862
510
547
140
629
240
741
528
174
650
487
254
554
480
924
248
296
903
446
233
662
193
711
548
340
759
701
802
578
585
446
135
946
547
433
962
903
300
298
883
189
117
974
848
364
816
993
79
489
900
495
79
899
718
518
58
844
510
928
311
267
625
607
872
614
760
689
317
676
220
244
378
440
764
290
788
362
758
141
252
520
958
22
269
210
725
894
888
739
688
856
529
379
988
774
101
490
43
799
898
862
510
547
140
629
240
741
528
174
650
487
254
554
480
924
248
296
903
446
233
662
193
711
548
340
759
701
802
578
585
